1.556319655924072027e+09
1.556319711848144054e+09
1.556319767772216082e+09
1.556319823696288109e+09
1.556319879620359898e+09
1.556319935544431925e+09
1.556319991468503952e+09
1.556320047392575979e+09
1.556320103316648006e+09
1.556320159240720034e+09
1.556320215164792061e+09
1.556320271088864088e+09
1.556320327012936115e+09
1.556320382937007904e+09
1.556320438861079931e+09
1.556320494785151958e+09
1.556320550709223986e+09
1.556320606633296013e+09
1.556320662557368040e+09
1.556320718481440067e+09
1.556320774405512094e+09
1.556320830329583883e+09
1.556320886253655910e+09
1.556320942177727938e+09
1.556320998101799965e+09
1.556321054025871992e+09
1.556321109949944019e+09
1.556321165874016047e+09
1.556321221798088074e+09
1.556321277722160101e+09
1.556321333646231890e+09
1.556321389570303917e+09
1.556321445494375944e+09
1.556321501418447971e+09
1.556321557342519999e+09
1.556321613266592026e+09
1.556321669190664053e+09
1.556321725114736080e+09
1.556321781038808107e+09
1.556321836962879896e+09
1.556321892886951923e+09
1.556321948811023951e+09
1.556322004735095978e+09
1.556322060659168005e+09
1.556322116583240032e+09
1.556322172507312059e+09
1.556322228431384087e+09
1.556322284355456114e+09
1.556322340279527903e+09
1.556322396203599930e+09
1.556322452127671957e+09
1.556322508051743984e+09
1.556322563975816011e+09
1.556322619899888039e+09
1.556322675823960066e+09
1.556322731748032093e+09
1.556322787672103882e+09
1.556322843596175909e+09
1.556322899520247936e+09
1.556322955444319963e+09
1.556323011368391991e+09
1.556323067292464018e+09
1.556323123216536045e+09
1.556323179140608072e+09
1.556323235064680099e+09
1.556323290988751888e+09
1.556323346912823915e+09
1.556323402836895943e+09
1.556323458760967970e+09
1.556323514685039997e+09
1.556323570609112024e+09
1.556323626533184052e+09
1.556323682457256079e+09
1.556323738381328106e+09
1.556323794305399895e+09
1.556323850229471922e+09
1.556323906153543949e+09
1.556323962077615976e+09
1.556324018001688004e+09
1.556324073925760031e+09
1.556324129849832058e+09
1.556324185773904085e+09
1.556324241697976112e+09
1.556324297622047901e+09
1.556324353546119928e+09
1.556324409470191956e+09
1.556324465394263983e+09
1.556324521318336010e+09
1.556324577242408037e+09
1.556324633166480064e+09
1.556324689090552092e+09
1.556324745014624119e+09
1.556324800938695908e+09
1.556324856862767935e+09
1.556324912786839962e+09
1.556324968710911989e+09
1.556325024634984016e+09
1.556325080559056044e+09
1.556325136483128071e+09
1.556325192407200098e+09
1.556325248331271887e+09
1.556325304255343914e+09
1.556325360179415941e+09
1.556325416103487968e+09
1.556325472027559996e+09
1.556325527951632023e+09
1.556325583875704050e+09
1.556325639799776077e+09
1.556325695723848104e+09
1.556325751647919893e+09
1.556325807571991920e+09
1.556325863496063948e+09
1.556325919420135975e+09
1.556325975344208002e+09
1.556326031268280029e+09
1.556326087192352057e+09
1.556326143116424084e+09
1.556326199040496111e+09
1.556326254964567900e+09
1.556326310888639927e+09
1.556326366812711954e+09
1.556326422736783981e+09
1.556326478660856009e+09
1.556326534584928036e+09
1.556326590509000063e+09
1.556326646433072090e+09
1.556326702357144117e+09
1.556326758281215906e+09
1.556326814205287933e+09
1.556326870129359961e+09
1.556326926053431988e+09
1.556326981977504015e+09
1.556327037901576042e+09
1.556327093825648069e+09
1.556327149749720097e+09
1.556327205673791885e+09
1.556327261597863913e+09
1.556327317521935940e+09
1.556327373446007967e+09
1.556327429370079994e+09
1.556327485294152021e+09
1.556327541218224049e+09
1.556327597142296076e+09
1.556327653066368103e+09
1.556327708990439892e+09
1.556327764914511919e+09
1.556327820838583946e+09
1.556327876762655973e+09
1.556327932686728001e+09
1.556327988610800028e+09
1.556328044534872055e+09
1.556328100458944082e+09
1.556328156383016109e+09
1.556328212307087898e+09
1.556328268231159925e+09
1.556328324155231953e+09
1.556328380079303980e+09
1.556328436003376007e+09
1.556328491927448034e+09
1.556328547851520061e+09
1.556328603775592089e+09
1.556328659699664116e+09
1.556328715623735905e+09
1.556328771547807932e+09
1.556328827471879959e+09
1.556328883395951986e+09
1.556328939320024014e+09
1.556328995244096041e+09
1.556329051168168068e+09
1.556329107092240095e+09
1.556329163016311884e+09
1.556329218940383911e+09
1.556329274864455938e+09
1.556329330788527966e+09
1.556329386712599993e+09
1.556329442636672020e+09
1.556329498560744047e+09
1.556329554484816074e+09
1.556329610408888102e+09
1.556329666332959890e+09
1.556329722257031918e+09
1.556329778181103945e+09
1.556329834105175972e+09
1.556329890029247999e+09
1.556329945953320026e+09
1.556330001877392054e+09
1.556330057801464081e+09
1.556330113725536108e+09
1.556330169649607897e+09
1.556330225573679924e+09
1.556330281497751951e+09
1.556330337421823978e+09
1.556330393345896006e+09
1.556330449269968033e+09
1.556330505194040060e+09
1.556330561118112087e+09
1.556330617042184114e+09
1.556330672966255903e+09
1.556330728890327930e+09
1.556330784814399958e+09
1.556330840738471985e+09
1.556330896662544012e+09
1.556330952586616039e+09
1.556331008510688066e+09
1.556331064434760094e+09
1.556331120358831882e+09
1.556331176282903910e+09
1.556331232206975937e+09
1.556331288131047964e+09
1.556331344055119991e+09
1.556331399979192019e+09
1.556331455903264046e+09
1.556331511827336073e+09
1.556331567751408100e+09
1.556331623675479889e+09
1.556331679599551916e+09
1.556331735523623943e+09
1.556331791447695971e+09
1.556331847371767998e+09
1.556331903295840025e+09
1.556331959219912052e+09
1.556332015143984079e+09
1.556332071068056107e+09
1.556332126992127895e+09
1.556332182916199923e+09
1.556332238840271950e+09
1.556332294764343977e+09
1.556332350688416004e+09
1.556332406612488031e+09
1.556332462536560059e+09
1.556332518460632086e+09
1.556332574384704113e+09
1.556332630308775902e+09
1.556332686232847929e+09
1.556332742156919956e+09
1.556332798080991983e+09
1.556332854005064011e+09
1.556332909929136038e+09
1.556332965853208065e+09
1.556333021777280092e+09
1.556333077701351881e+09
1.556333133625423908e+09
1.556333189549495935e+09
1.556333245473567963e+09
1.556333301397639990e+09
1.556333357321712017e+09
1.556333413245784044e+09
1.556333469169856071e+09
1.556333525093928099e+09
1.556333581017999887e+09
1.556333636942071915e+09
1.556333692866143942e+09
1.556333748790215969e+09
1.556333804714287996e+09
1.556333860638360023e+09
1.556333916562432051e+09
1.556333972486504078e+09
1.556334028410576105e+09
1.556334084334647894e+09
1.556334140258719921e+09
1.556334196182791948e+09
1.556334252106863976e+09
1.556334308030936003e+09
1.556334363955008030e+09
1.556334419879080057e+09
1.556334475803152084e+09
1.556334531727224112e+09
1.556334587651295900e+09
1.556334643575367928e+09
1.556334699499439955e+09
1.556334755423511982e+09
1.556334811347584009e+09
1.556334867271656036e+09
1.556334923195728064e+09
1.556334979119800091e+09
1.556335035043872118e+09
1.556335090967943907e+09
1.556335146892015934e+09
1.556335202816087961e+09
1.556335258740159988e+09
1.556335314664232016e+09
1.556335370588304043e+09
1.556335426512376070e+09
1.556335482436448097e+09
1.556335538360519886e+09
1.556335594284591913e+09
1.556335650208663940e+09
1.556335706132735968e+09
1.556335762056807995e+09
1.556335817980880022e+09
1.556335873904952049e+09
1.556335929829024076e+09
1.556335985753096104e+09
1.556336041677167892e+09
1.556336097601239920e+09
1.556336153525311947e+09
1.556336209449383974e+09
1.556336265373456001e+09
1.556336321297528028e+09
1.556336377221600056e+09
1.556336433145672083e+09
1.556336489069744110e+09
1.556336544993815899e+09
1.556336600917887926e+09
1.556336656841959953e+09
1.556336712766031981e+09
1.556336768690104008e+09
1.556336824614176035e+09
1.556336880538248062e+09
1.556336936462320089e+09
1.556336992386392117e+09
1.556337048310463905e+09
1.556337104234535933e+09
1.556337160158607960e+09
1.556337216082679987e+09
1.556337272006752014e+09
1.556337327930824041e+09
1.556337383854896069e+09
1.556337439778968096e+09
1.556337495703039885e+09
1.556337551627111912e+09
1.556337607551183939e+09
1.556337663475255966e+09
1.556337719399327993e+09
1.556337775323400021e+09
1.556337831247472048e+09
1.556337887171544075e+09
1.556337943095616102e+09
1.556337999019687891e+09
1.556338054943759918e+09
1.556338110867831945e+09
1.556338166791903973e+09
1.556338222715976000e+09
1.556338278640048027e+09
1.556338334564120054e+09
1.556338390488192081e+09
1.556338446412264109e+09
1.556338502336335897e+09
1.556338558260407925e+09
1.556338614184479952e+09
1.556338670108551979e+09
1.556338726032624006e+09
1.556338781956696033e+09
1.556338837880768061e+09
1.556338893804840088e+09
1.556338949728912115e+09
1.556339005652983904e+09
1.556339061577055931e+09
1.556339117501127958e+09
1.556339173425199986e+09
1.556339229349272013e+09
1.556339285273344040e+09
1.556339341197416067e+09
1.556339397121488094e+09
1.556339453045559883e+09
1.556339508969631910e+09
1.556339564893703938e+09
1.556339620817775965e+09
1.556339676741847992e+09
1.556339732665920019e+09
1.556339788589992046e+09
1.556339844514064074e+09
1.556339900438136101e+09
1.556339956362207890e+09
1.556340012286279917e+09
1.556340068210351944e+09
1.556340124134423971e+09
1.556340180058495998e+09
1.556340235982568026e+09
1.556340291906640053e+09
1.556340347830712080e+09
1.556340403754784107e+09
1.556340459678855896e+09
1.556340515602927923e+09
1.556340571526999950e+09
1.556340627451071978e+09
1.556340683375144005e+09
1.556340739299216032e+09
1.556340795223288059e+09
1.556340851147360086e+09
1.556340907071432114e+09
1.556340962995503902e+09
1.556341018919575930e+09
1.556341074843647957e+09
1.556341130767719984e+09
1.556341186691792011e+09
1.556341242615864038e+09
1.556341298539936066e+09
1.556341354464008093e+09
1.556341410388079882e+09
1.556341466312151909e+09
1.556341522236223936e+09
1.556341578160295963e+09
1.556341634084367990e+09
1.556341690008440018e+09
1.556341745932512045e+09
1.556341801856584072e+09
1.556341857780656099e+09
1.556341913704727888e+09
1.556341969628799915e+09
1.556342025552871943e+09
1.556342081476943970e+09
1.556342137401015997e+09
1.556342193325088024e+09
1.556342249249160051e+09
1.556342305173232079e+09
1.556342361097304106e+09
1.556342417021375895e+09
1.556342472945447922e+09
1.556342528869519949e+09
1.556342584793591976e+09
1.556342640717664003e+09
1.556342696641736031e+09
1.556342752565808058e+09
1.556342808489880085e+09
1.556342864413952112e+09
1.556342920338023901e+09
1.556342976262095928e+09
1.556343032186167955e+09
1.556343088110239983e+09
1.556343144034312010e+09
1.556343199958384037e+09
1.556343255882456064e+09
1.556343311806528091e+09
1.556343367730600119e+09
1.556343423654671907e+09
1.556343479578743935e+09
1.556343535502815962e+09
1.556343591426887989e+09
1.556343647350960016e+09
1.556343703275032043e+09
1.556343759199104071e+09
1.556343815123176098e+09
1.556343871047247887e+09
1.556343926971319914e+09
1.556343982895391941e+09
1.556344038819463968e+09
1.556344094743535995e+09
1.556344150667608023e+09
1.556344206591680050e+09
1.556344262515752077e+09
1.556344318439824104e+09
1.556344374363895893e+09
1.556344430287967920e+09
1.556344486212039948e+09
1.556344542136111975e+09
1.556344598060184002e+09
1.556344653984256029e+09
1.556344709908328056e+09
1.556344765832400084e+09
1.556344821756472111e+09
1.556344877680543900e+09
1.556344933604615927e+09
1.556344989528687954e+09
1.556233200000000000e+09
1.556258598934617996e+09
1.556258605925096035e+09
1.556258612915575027e+09
1.556258619905808926e+09
1.556258647867722988e+09
1.556258703791551113e+09
1.556258759715133905e+09
1.556258815638962030e+09
1.556258871562545061e+09
1.556258927486372948e+09
1.556258983409955978e+09
1.556259039333784103e+09
1.556259095257611990e+09
1.556259151181195021e+09
1.556259207105022907e+09
1.556259263028851032e+09
1.556259318952677965e+09
1.556259374876506090e+09
1.556259430800088882e+09
1.556259486723917007e+09
1.556259542647744894e+09
1.556259598571573019e+09
1.556259654495399952e+09
1.556259710419228077e+09
1.556259766343055010e+09
1.556259822266882896e+09
1.556259878190711021e+09
1.556259934114538908e+09
1.556259990038366079e+09
1.556260045962193966e+09
1.556260101886022091e+09
1.556260157809849024e+09
1.556260213733676910e+09
1.556260269657505035e+09
1.556260325581576109e+09
1.556260381505403996e+09
1.556260437429231882e+09
1.556260493353059053e+09
1.556260549276886940e+09
1.556260605200958967e+09
1.556260661124787092e+09
1.556260717048614025e+09
1.556260772972441912e+09
1.556260828896513939e+09
1.556260884820341110e+09
1.556260940744168997e+09
1.556260996668241024e+09
1.556261052592067957e+09
1.556261108515896082e+09
1.556261164439968109e+09
1.556261220363795996e+09
1.556261276287867069e+09
1.556261332211694956e+09
1.556261388135523081e+09
1.556261444059593916e+09
1.556261499983422041e+09
1.556261555907494068e+09
1.556261611831321955e+09
1.556261667755393982e+09
1.556261723679220915e+09
1.556261779603292942e+09
1.556261835527121067e+09
1.556261891451193094e+09
1.556261947375263929e+09
1.556262003299092054e+09
1.556262059223164082e+09
1.556262115146991014e+09
1.556262171071063042e+09
1.556262226995135069e+09
1.556262282918962955e+09
1.556262338843034029e+09
1.556262394767106056e+09
1.556262450690933943e+09
1.556262506615005970e+09
1.556262562539077997e+09
1.556262618462904930e+09
1.556262674386976957e+09
1.556262730311048985e+09
1.556262786235121012e+09
1.556262842158947945e+09
1.556262898083019972e+09
1.556262954007091999e+09
1.556263009931164026e+09
1.556263065854990959e+09
1.556263121779062986e+09
1.556263177703135014e+09
1.556263233627207041e+09
1.556263289551034927e+09
1.556263345475106001e+09
1.556263401399178028e+09
1.556263457323250055e+09
1.556263513247322083e+09
1.556263569171394110e+09
1.556263625095464945e+09
1.556263681019293070e+09
1.556263736943365097e+09
1.556263792867436886e+09
1.556263848791507959e+09
1.556263904715579987e+09
1.556263960639652014e+09
1.556264016563724041e+09
1.556264072487796068e+09
1.556264128411868095e+09
1.556264184335695028e+09
1.556264240259767056e+09
1.556264296183839083e+09
1.556264352107911110e+09
1.556264408031981945e+09
1.556264463956053972e+09
1.556264519880125999e+09
1.556264575804198027e+09
1.556264631728270054e+09
1.556264687652342081e+09
1.556264743576412916e+09
1.556264799500484943e+09
1.556264855424556971e+09
1.556264911348628998e+09
1.556264967272701025e+09
1.556265023196772099e+09
1.556265079120843887e+09
1.556265135044915915e+09
1.556265190968987942e+09
1.556265246893059969e+09
1.556265302817131042e+09
1.556265358741203070e+09
1.556265414665275097e+09
1.556265470589346886e+09
1.556265526513418913e+09
1.556265582437489986e+09
1.556265638361562014e+09
1.556265694285634041e+09
1.556265750209706068e+09
1.556265806133778095e+09
1.556265862057848930e+09
1.556265917981920958e+09
1.556265973905992985e+09
1.556266029830065012e+09
1.556266085754380941e+09
1.556266141678452969e+09
1.556266197602524996e+09
1.556266253526596069e+09
1.556266309450668097e+09
1.556266365374739885e+09
1.556266421298811913e+09
1.556266477222882986e+09
1.556266533146955013e+09
1.556266589071027040e+09
1.556266644995099068e+09
1.556266700919171095e+09
1.556266756843487024e+09
1.556266812767559052e+09
1.556266868691629887e+09
1.556266924615701914e+09
1.556266980539773941e+09
1.556267036463845968e+09
1.556267092387917995e+09
1.556267148311989069e+09
1.556267204236061096e+09
1.556267260160377026e+09
1.556267316084449053e+09
1.556267372008521080e+09
1.556267427932591915e+09
1.556267483856663942e+09
1.556267539780735970e+09
1.556267595704807997e+09
1.556267651629123926e+09
1.556267707553195953e+09
1.556267763477267027e+09
1.556267819401339054e+09
1.556267875325411081e+09
1.556267931249483109e+09
1.556267987173554897e+09
1.556268043097871065e+09
1.556268099021943092e+09
1.556268154946013927e+09
1.556268210870085955e+09
1.556268266794157982e+09
1.556268322718230009e+09
1.556268378642301083e+09
1.556268434566617012e+09
1.556268490490689039e+09
1.556268546414761066e+09
1.556268602338833094e+09
1.556268658262904882e+09
1.556268714186976910e+09
1.556268770111293077e+09
1.556268826035363913e+09
1.556268881959435940e+09
1.556268937883507967e+09
1.556268993807579994e+09
1.556269049731652021e+09
1.556269105655966997e+09
1.556269161580039024e+09
1.556269217504111052e+09
1.556269273428183079e+09
1.556269329352255106e+09
1.556269385276325941e+09
1.556269441200642109e+09
1.556269497124713898e+09
1.556269553048785925e+09
1.556269608972857952e+09
1.556269664896929979e+09
1.556269720821245909e+09
1.556269776745317936e+09
1.556269832669389009e+09
1.556269888593461037e+09
1.556269944517533064e+09
1.556270000441848993e+09
1.556270056365921021e+09
1.556270112289992094e+09
1.556270168214063883e+09
1.556270224138135910e+09
1.556270280062207937e+09
1.556270335986524105e+09
1.556270391910595894e+09
1.556270447834666967e+09
1.556270503758738995e+09
1.556270559682811022e+09
1.556270615607126951e+09
1.556270671531198978e+09
1.556270727455271006e+09
1.556270783379342079e+09
1.556270839303414106e+09
1.556270895227730036e+09
1.556270951151802063e+09
1.556271007075874090e+09
1.556271062999946117e+09
1.556271118924016953e+09
1.556271174848332882e+09
1.556271230772404909e+09
1.556271286696476936e+09
1.556271342620548964e+09
1.556271398544864893e+09
1.556271454468935966e+09
1.556271510393007994e+09
1.556271566317080021e+09
1.556271622241152048e+09
1.556271678165467978e+09
1.556271734089540005e+09
1.556271790013612032e+09
1.556271845937683105e+09
1.556271901861754894e+09
1.556271957786071062e+09
1.556272013710143089e+09
1.556272069634215117e+09
1.556272125558286905e+09
1.556272181482601881e+09
1.556272237406673908e+09
1.556272293330745935e+09
1.556272349254817963e+09
1.556272405178889990e+09
1.556272461103205919e+09
1.556272517027276993e+09
1.556272572951349020e+09
1.556272628875421047e+09
1.556272684799736977e+09
1.556272740723809004e+09
1.556272796647881031e+09
1.556272852571953058e+09
1.556272908496023893e+09
1.556272964420340061e+09
1.556273020344412088e+09
1.556273076268484116e+09
1.556273132192555904e+09
1.556273188116872072e+09
1.556273244040942907e+09
1.556273299965014935e+09
1.556273355889086962e+09
1.556273411813158989e+09
1.556273467737474918e+09
1.556273523661545992e+09
1.556273579585618019e+09
1.556273635509690046e+09
1.556273691434005976e+09
1.556273747358078003e+09
1.556273803282150030e+09
1.556273859206222057e+09
1.556273915130537033e+09
1.556273971054609060e+09
1.556274026978681087e+09
1.556274082902753115e+09
1.556274138826824903e+09
1.556274194751141071e+09
1.556274250675211906e+09
1.556274306599283934e+09
1.556274362523355961e+09
1.556274418447671890e+09
1.556274474371743917e+09
1.556274530295815945e+09
1.556274586219887018e+09
1.556274642144202948e+09
1.556274698068274975e+09
1.556274753992347002e+09
1.556274809916419029e+09
1.556274865840734959e+09
1.556274921764806986e+09
1.556274977688878059e+09
1.556275033612950087e+09
1.556275089537266016e+09
1.556275145461338043e+09
1.556275201385410070e+09
1.556275257309480906e+09
1.556275313233552933e+09
1.556275369157869101e+09
1.556275425081940889e+09
1.556275481006012917e+09
1.556275536930084944e+09
1.556275592854401112e+09
1.556275648778472900e+09
1.556275704702543974e+09
1.556275760626616001e+09
1.556275816550931931e+09
1.556275872475003958e+09
1.556275928399075985e+09
1.556275984323148012e+09
1.556276040247220039e+09
1.556276096171292067e+09
1.556276152095364094e+09
1.556276208019435883e+09
1.556276263943507910e+09
1.556276319867579937e+09
1.556276375791651964e+09
1.556276431715723991e+09
1.556276487639796019e+09
1.556276543563868046e+09
1.556276599487940073e+09
1.556276655412012100e+09
1.556276711336083889e+09
1.556276767260155916e+09
1.556276823184227943e+09
1.556276879108299971e+09
1.556276935032371998e+09
1.556276990956444025e+09
1.556277046880516052e+09
1.556277102804588079e+09
1.556277158728660107e+09
1.556277214652731895e+09
1.556277270576803923e+09
1.556277326500875950e+09
1.556277382424947977e+09
1.556277438349020004e+09
1.556277494273092031e+09
1.556277550197164059e+09
1.556277606121236086e+09
1.556277662045308113e+09
1.556277717969379902e+09
1.556277773893451929e+09
1.556277829817523956e+09
1.556277885741595984e+09
1.556277941665668011e+09
1.556277997589740038e+09
1.556278053513812065e+09
1.556278109437884092e+09
1.556278165361955881e+09
1.556278221286027908e+09
1.556278277210099936e+09
1.556278333134171963e+09
1.556278389058243990e+09
1.556278444982316017e+09
1.556278500906388044e+09
1.556278556830460072e+09
1.556278612754532099e+09
1.556278668678603888e+09
1.556278724602675915e+09
1.556278780526747942e+09
1.556278836450819969e+09
1.556278892374891996e+09
1.556278948298964024e+09
1.556279004223036051e+09
1.556279060147108078e+09
1.556279116071180105e+09
1.556279171995251894e+09
1.556279227919323921e+09
1.556279283843395948e+09
1.556279339767467976e+09
1.556279395691540003e+09
1.556279451615612030e+09
1.556279507539684057e+09
1.556279563463756084e+09
1.556279619387828112e+09
1.556279675311899900e+09
1.556279731235971928e+09
1.556279787160043955e+09
1.556279843084115982e+09
1.556279899008188009e+09
1.556279954932260036e+09
1.556280010856332064e+09
1.556280066780404091e+09
1.556280122704476118e+09
1.556280178628547907e+09
1.556280234552619934e+09
1.556280290476691961e+09
1.556280346400763988e+09
1.556280402324836016e+09
1.556280458248908043e+09
1.556280514172980070e+09
1.556280570097052097e+09
1.556280626021123886e+09
1.556280681945195913e+09
1.556280737869267941e+09
1.556280793793339968e+09
1.556280849717411995e+09
1.556280905641484022e+09
1.556280961565556049e+09
1.556281017489628077e+09
1.556281073413700104e+09
1.556281129337771893e+09
1.556281185261843920e+09
1.556281241185915947e+09
1.556281297109987974e+09
1.556281353034060001e+09
1.556281408958132029e+09
1.556281464882204056e+09
1.556281520806276083e+09
1.556281576730348110e+09
1.556281632654419899e+09
1.556281688578491926e+09
1.556281744502563953e+09
1.556281800426635981e+09
1.556281856350708008e+09
1.556281912274780035e+09
1.556281968198852062e+09
1.556282024122924089e+09
1.556282080046996117e+09
1.556282135971067905e+09
1.556282191895139933e+09
1.556282247819211960e+09
1.556282303743283987e+09
1.556282359667356014e+09
1.556282415591428041e+09
1.556282471515500069e+09
1.556282527439572096e+09
1.556282583363643885e+09
1.556282639287715912e+09
1.556282695211787939e+09
1.556282751135859966e+09
1.556282807059931993e+09
1.556282862984004021e+09
1.556282918908076048e+09
1.556282974832148075e+09
1.556283030756220102e+09
1.556283086680291891e+09
1.556283142604363918e+09
1.556283198528435946e+09
1.556283254452507973e+09
1.556283310376580000e+09
1.556283366300652027e+09
1.556283422224724054e+09
1.556283478148796082e+09
1.556283534072868109e+09
1.556283589996939898e+09
1.556283645921011925e+09
1.556283701845083952e+09
1.556283757769155979e+09
1.556283813693228006e+09
1.556283869617300034e+09
1.556283925541372061e+09
1.556283981465444088e+09
1.556284037389516115e+09
1.556284093313587904e+09
1.556284149237659931e+09
1.556284205161731958e+09
1.556284261085803986e+09
1.556284317009876013e+09
1.556284372933948040e+09
1.556284428858020067e+09
1.556284484782092094e+09
1.556284540706163883e+09
1.556284596630235910e+09
1.556284652554307938e+09
1.556284708478379965e+09
1.556284764402451992e+09
1.556284820326524019e+09
1.556284876250596046e+09
1.556284932174668074e+09
1.556284988098740101e+09
1.556285044022811890e+09
1.556285099946883917e+09
1.556285155870955944e+09
1.556285211795027971e+09
1.556285267719099998e+09
1.556285323643172026e+09
1.556285379567244053e+09
1.556285435491316080e+09
1.556285491415388107e+09
1.556285547339459896e+09
1.556285603263531923e+09
1.556285659187603951e+09
1.556285715111675978e+09
1.556285771035748005e+09
1.556285826959820032e+09
1.556285882883892059e+09
1.556285938807964087e+09
1.556285994732036114e+09
1.556286050656107903e+09
1.556286106580179930e+09
1.556286162504251957e+09
1.556286218428323984e+09
1.556286274352396011e+09
1.556286330276468039e+09
1.556286386200540066e+09
1.556286442124612093e+09
1.556286498048683882e+09
1.556286553972755909e+09
1.556286609896827936e+09
1.556286665820899963e+09
1.556286721744971991e+09
1.556286777669044018e+09
1.556286833593116045e+09
1.556286889517188072e+09
1.556286945441260099e+09
1.556287001365331888e+09
1.556287057289403915e+09
1.556287113213475943e+09
1.556287169137547970e+09
1.556287225061619997e+09
1.556287280985692024e+09
1.556287336909764051e+09
1.556287392833836079e+09
1.556287448757908106e+09
1.556287504681979895e+09
1.556287560606051922e+09
1.556287616530123949e+09
1.556287672454195976e+09
1.556287728378268003e+09
1.556287784302340031e+09
1.556287840226412058e+09
1.556287896150484085e+09
1.556287952074556112e+09
1.556288007998627901e+09
1.556288063922699928e+09
1.556288119846771955e+09
1.556288175770843983e+09
1.556288231694916010e+09
1.556288287618988037e+09
1.556288343543060064e+09
1.556288399467132092e+09
1.556288455391204119e+09
1.556288511315275908e+09
1.556288567239347935e+09
1.556288623163419962e+09
1.556288679087491989e+09
1.556288735011564016e+09
1.556288790935636044e+09
1.556288846859708071e+09
1.556288902783780098e+09
1.556288958707851887e+09
1.556289014631923914e+09
1.556289070555995941e+09
1.556289126480067968e+09
1.556289182404139996e+09
1.556289238328212023e+09
1.556289294252284050e+09
1.556289350176356077e+09
1.556289406100428104e+09
1.556289462024499893e+09
1.556289517948571920e+09
1.556289573872643948e+09
1.556289629796715975e+09
1.556289685720788002e+09
1.556289741644860029e+09
1.556289797568932056e+09
1.556289853493004084e+09
1.556289909417076111e+09
1.556289965341147900e+09
1.556290021265219927e+09
1.556290077189291954e+09
1.556290133113363981e+09
1.556290189037436008e+09
1.556290244961508036e+09
1.556290300885580063e+09
1.556290356809652090e+09
1.556290412733724117e+09
1.556290468657795906e+09
1.556290524581867933e+09
1.556290580505939960e+09
1.556290636430011988e+09
1.556290692354084015e+09
1.556290748278156042e+09
1.556290804202228069e+09
1.556290860126300097e+09
1.556290916050371885e+09
1.556290971974443913e+09
1.556291027898515940e+09
1.556291083822587967e+09
1.556291139746659994e+09
1.556291195670732021e+09
1.556291251594804049e+09
1.556291307518876076e+09
1.556291363442948103e+09
1.556291419367019892e+09
1.556291475291091919e+09
1.556291531215163946e+09
1.556291587139235973e+09
1.556291643063308001e+09
1.556291698987380028e+09
1.556291754911452055e+09
1.556291810835524082e+09
1.556291866759596109e+09
1.556291922683667898e+09
1.556291978607739925e+09
1.556292034531811953e+09
1.556292090455883980e+09
1.556292146379956007e+09
1.556292202304028034e+09
1.556292258228100061e+09
1.556292314152172089e+09
1.556292370076244116e+09
1.556292426000315905e+09
1.556292481924387932e+09
1.556292537848459959e+09
1.556292593772531986e+09
1.556292649696604013e+09
1.556292705620676041e+09
1.556292761544748068e+09
1.556292817468820095e+09
1.556292873392891884e+09
1.556292929316963911e+09
1.556292985241035938e+09
1.556293041165107965e+09
1.556293097089179993e+09
1.556293153013252020e+09
1.556293208937324047e+09
1.556293264861396074e+09
1.556293320785468102e+09
1.556293376709539890e+09
1.556293432633611917e+09
1.556293488557683945e+09
1.556293544481755972e+09
1.556293600405827999e+09
1.556293656329900026e+09
1.556293712253972054e+09
1.556293768178044081e+09
1.556293824102116108e+09
1.556293880026187897e+09
1.556293935950259924e+09
1.556293991874331951e+09
1.556294047798403978e+09
1.556294103722476006e+09
1.556294159646548033e+09
1.556294215570620060e+09
1.556294271494692087e+09
1.556294327418764114e+09
1.556294383342835903e+09
1.556294439266907930e+09
1.556294495190979958e+09
1.556294551115051985e+09
1.556294607039124012e+09
1.556294662963196039e+09
1.556294718887268066e+09
1.556294774811340094e+09
1.556294830735411882e+09
1.556294886659483910e+09
1.556294942583555937e+09
1.556294998507627964e+09
1.556295054431699991e+09
1.556295110355772018e+09
1.556295166279844046e+09
1.556295222203916073e+09
1.556295278127988100e+09
1.556295334052059889e+09
1.556295389976131916e+09
1.556295445900203943e+09
1.556295501824275970e+09
1.556295557748347998e+09
1.556295613672420025e+09
1.556295669596492052e+09
1.556295725520564079e+09
1.556295781444636106e+09
1.556295837368707895e+09
1.556295893292779922e+09
1.556295949216851950e+09
1.556296005140923977e+09
1.556296061064996004e+09
1.556296116989068031e+09
1.556296172913140059e+09
1.556296228837212086e+09
1.556296284761284113e+09
1.556296340685355902e+09
1.556296396609427929e+09
1.556296452533499956e+09
1.556296508457571983e+09
1.556296564381644011e+09
1.556296620305716038e+09
1.556296676229788065e+09
1.556296732153860092e+09
1.556296788077931881e+09
1.556296844002003908e+09
1.556296899926075935e+09
1.556296955850147963e+09
1.556297011774219990e+09
1.556297067698292017e+09
1.556297123622364044e+09
1.556297179546436071e+09
1.556297235470508099e+09
1.556297291394579887e+09
1.556297347318651915e+09
1.556297403242723942e+09
1.556297459166795969e+09
1.556297515090867996e+09
1.556297571014940023e+09
1.556297626939012051e+09
1.556297682863084078e+09
1.556297738787156105e+09
1.556297794711227894e+09
1.556297850635299921e+09
1.556297906559371948e+09
1.556297962483443975e+09
1.556298018407516003e+09
1.556298074331588030e+09
1.556298130255660057e+09
1.556298186179732084e+09
1.556298242103804111e+09
1.556298298027875900e+09
1.556298353951947927e+09
1.556298409876019955e+09
1.556298465800091982e+09
1.556298521724164009e+09
1.556298577648236036e+09
1.556298633572308064e+09
1.556298689496380091e+09
1.556298745420452118e+09
1.556298801344523907e+09
1.556298857268595934e+09
1.556298913192667961e+09
1.556298969116739988e+09
1.556299025040812016e+09
1.556299080964884043e+09
1.556299136888956070e+09
1.556299192813028097e+09
1.556299248737099886e+09
1.556299304661171913e+09
1.556299360585243940e+09
1.556299416509315968e+09
1.556299472433387995e+09
1.556299528357460022e+09
1.556299584281532049e+09
1.556299640205604076e+09
1.556299696129676104e+09
1.556299752053747892e+09
1.556299807977819920e+09
1.556299863901891947e+09
1.556299919825963974e+09
1.556299975750036001e+09
1.556300031674108028e+09
1.556300087598180056e+09
1.556300143522252083e+09
1.556300199446324110e+09
1.556300255370395899e+09
1.556300311294467926e+09
1.556300367218539953e+09
1.556300423142611980e+09
1.556300479066684008e+09
1.556300534990756035e+09
1.556300590914828062e+09
1.556300646838900089e+09
1.556300702762972116e+09
1.556300758687043905e+09
1.556300814611115932e+09
1.556300870535187960e+09
1.556300926459259987e+09
1.556300982383332014e+09
1.556301038307404041e+09
1.556301094231476068e+09
1.556301150155548096e+09
1.556301206079619884e+09
1.556301262003691912e+09
1.556301317927763939e+09
1.556301373851835966e+09
1.556301429775907993e+09
1.556301485699980021e+09
1.556301541624052048e+09
1.556301597548124075e+09
1.556301653472196102e+09
1.556301709396267891e+09
1.556301765320339918e+09
1.556301821244411945e+09
1.556301877168483973e+09
1.556301933092556000e+09
1.556301989016628027e+09
1.556302044940700054e+09
1.556302100864772081e+09
1.556302156788844109e+09
1.556302212712915897e+09
1.556302268636987925e+09
1.556302324561059952e+09
1.556302380485131979e+09
1.556302436409204006e+09
1.556302492333276033e+09
1.556302548257348061e+09
1.556302604181420088e+09
1.556302660105492115e+09
1.556302716029563904e+09
1.556302771953635931e+09
1.556302827877707958e+09
1.556302883801779985e+09
1.556302939725852013e+09
1.556302995649924040e+09
1.556303051573996067e+09
1.556303107498068094e+09
1.556303163422139883e+09
1.556303219346211910e+09
1.556303275270283937e+09
1.556303331194355965e+09
1.556303387118427992e+09
1.556303443042500019e+09
1.556303498966572046e+09
1.556303554890644073e+09
1.556303610814716101e+09
1.556303666738787889e+09
1.556303722662859917e+09
1.556303778586931944e+09
1.556303834511003971e+09
1.556303890435075998e+09
1.556303946359148026e+09
1.556304002283220053e+09
1.556304058207292080e+09
1.556304114131364107e+09
1.556304170055435896e+09
1.556304225979507923e+09
1.556304281903579950e+09
1.556304337827651978e+09
1.556304393751724005e+09
1.556304449675796032e+09
1.556304505599868059e+09
1.556304561523940086e+09
1.556304617448012114e+09
1.556304673372083902e+09
1.556304729296155930e+09
1.556304785220227957e+09
1.556304841144299984e+09
1.556304897068372011e+09
1.556304952992444038e+09
1.556305008916516066e+09
1.556305064840588093e+09
1.556305120764659882e+09
1.556305176688731909e+09
1.556305232612803936e+09
1.556305288536875963e+09
1.556305344460947990e+09
1.556305400385020018e+09
1.556305456309092045e+09
1.556305512233164072e+09
1.556305568157236099e+09
1.556305624081307888e+09
1.556305680005379915e+09
1.556305735929451942e+09
1.556305791853523970e+09
1.556305847777595997e+09
1.556305903701668024e+09
1.556305959625740051e+09
1.556306015549812078e+09
1.556306071473884106e+09
1.556306127397955894e+09
1.556306183322027922e+09
1.556306239246099949e+09
1.556306295170171976e+09
1.556306351094244003e+09
1.556306407018316031e+09
1.556306462942388058e+09
1.556306518866460085e+09
1.556306574790532112e+09
1.556306630714603901e+09
1.556306686638675928e+09
1.556306742562747955e+09
1.556306798486819983e+09
1.556306854410892010e+09
1.556306910334964037e+09
1.556306966259036064e+09
1.556307022183108091e+09
1.556307078107180119e+09
1.556307134031251907e+09
1.556307189955323935e+09
1.556307245879395962e+09
1.556307301803467989e+09
1.556307357727540016e+09
1.556307413651612043e+09
1.556307469575684071e+09
1.556307525499756098e+09
1.556307581423827887e+09
1.556307637347899914e+09
1.556307693271971941e+09
1.556307749196043968e+09
1.556307805120115995e+09
1.556307861044188023e+09
1.556307916968260050e+09
1.556307972892332077e+09
1.556308028816404104e+09
1.556308084740475893e+09
1.556308140664547920e+09
1.556308196588619947e+09
1.556308252512691975e+09
1.556308308436764002e+09
1.556308364360836029e+09
1.556308420284908056e+09
1.556308476208980083e+09
1.556308532133052111e+09
1.556308588057123899e+09
1.556308643981195927e+09
1.556308699905267954e+09
1.556308755829339981e+09
1.556308811753412008e+09
1.556308867677484035e+09
1.556308923601556063e+09
1.556308979525628090e+09
1.556309035449700117e+09
1.556309091373771906e+09
1.556309147297843933e+09
1.556309203221915960e+09
1.556309259145987988e+09
1.556309315070060015e+09
1.556309370994132042e+09
1.556309426918204069e+09
1.556309482842276096e+09
1.556309538766347885e+09
1.556309594690419912e+09
1.556309650614491940e+09
1.556309706538563967e+09
1.556309762462635994e+09
1.556309818386708021e+09
1.556309874310780048e+09
1.556309930234852076e+09
1.556309986158924103e+09
1.556310042082995892e+09
1.556310098007067919e+09
1.556310153931139946e+09
1.556310209855211973e+09
1.556310265779284000e+09
1.556310321703356028e+09
1.556310377627428055e+09
1.556310433551500082e+09
1.556310489475572109e+09
1.556310545399643898e+09
1.556310601323715925e+09
1.556310657247787952e+09
1.556310713171859980e+09
1.556310769095932007e+09
1.556310825020004034e+09
1.556310880944076061e+09
1.556310936868148088e+09
1.556310992792220116e+09
1.556311048716291904e+09
1.556311104640363932e+09
1.556311160564435959e+09
1.556311216488507986e+09
1.556311272412580013e+09
1.556311328336652040e+09
1.556311384260724068e+09
1.556311440184796095e+09
1.556311496108867884e+09
1.556311552032939911e+09
1.556311607957011938e+09
1.556311663881083965e+09
1.556311719805155993e+09
1.556311775729228020e+09
1.556311831653300047e+09
1.556311887577372074e+09
1.556311943501444101e+09
1.556311999425515890e+09
1.556312055349587917e+09
1.556312111273659945e+09
1.556312167197731972e+09
1.556312223121803999e+09
1.556312279045876026e+09
1.556312334969948053e+09
1.556312390894020081e+09
1.556312446818092108e+09
1.556312502742163897e+09
1.556312558666235924e+09
1.556312614590307951e+09
1.556312670514379978e+09
1.556312726438452005e+09
1.556312782362524033e+09
1.556312838286596060e+09
1.556312894210668087e+09
1.556312950134740114e+09
1.556313006058811903e+09
1.556313061982883930e+09
1.556313117906955957e+09
1.556313173831027985e+09
1.556313229755100012e+09
1.556313285679172039e+09
1.556313341603244066e+09
1.556313397527316093e+09
1.556313453451387882e+09
1.556313509375459909e+09
1.556313565299531937e+09
1.556313621223603964e+09
1.556313677147675991e+09
1.556313733071748018e+09
1.556313788995820045e+09
1.556313844919892073e+09
1.556313900843964100e+09
1.556313956768035889e+09
1.556314012692107916e+09
1.556314068616179943e+09
1.556314124540251970e+09
1.556314180464323997e+09
1.556314236388396025e+09
1.556314292312468052e+09
1.556314348236540079e+09
1.556314404160612106e+09
1.556314460084683895e+09
1.556314516008755922e+09
1.556314571932827950e+09
1.556314627856899977e+09
1.556314683780972004e+09
1.556314739705044031e+09
1.556314795629116058e+09
1.556314851553188086e+09
1.556314907477260113e+09
1.556314963401331902e+09
1.556315019325403929e+09
1.556315075249475956e+09
1.556315131173547983e+09
1.556315187097620010e+09
1.556315243021692038e+09
1.556315298945764065e+09
1.556315354869836092e+09
1.556315410793908119e+09
1.556315466717979908e+09
1.556315522642051935e+09
1.556315578566123962e+09
1.556315634490195990e+09
1.556315690414268017e+09
1.556315746338340044e+09
1.556315802262412071e+09
1.556315858186484098e+09
1.556315914110555887e+09
1.556315970034627914e+09
1.556316025958699942e+09
1.556316081882771969e+09
1.556316137806843996e+09
1.556316193730916023e+09
1.556316249654988050e+09
1.556316305579060078e+09
1.556316361503132105e+09
1.556316417427203894e+09
1.556316473351275921e+09
1.556316529275347948e+09
1.556316585199419975e+09
1.556316641123492002e+09
1.556316697047564030e+09
1.556316752971636057e+09
1.556316808895708084e+09
1.556316864819780111e+09
1.556316920743851900e+09
1.556316976667923927e+09
1.556317032591995955e+09
1.556317088516067982e+09
1.556317144440140009e+09
1.556317200364212036e+09
1.556317256288284063e+09
1.556317312212356091e+09
1.556317368136428118e+09
1.556317424060499907e+09
1.556317479984571934e+09
1.556317535908643961e+09
1.556317591832715988e+09
1.556317647756788015e+09
1.556317703680860043e+09
1.556317759604932070e+09
1.556317815529004097e+09
1.556317871453075886e+09
1.556317927377147913e+09
1.556317983301219940e+09
1.556318039225291967e+09
1.556318095149363995e+09
1.556318151073436022e+09
1.556318206997508049e+09
1.556318262921580076e+09
1.556318318845652103e+09
1.556318374769723892e+09
1.556318430693795919e+09
1.556318486617867947e+09
1.556318542541939974e+09
1.556318598466012001e+09
1.556318654390084028e+09
1.556318710314156055e+09
1.556318766238228083e+09
1.556318822162300110e+09
1.556318878086371899e+09
1.556318934010443926e+09
1.556318989934515953e+09
1.556319045858587980e+09
1.556319101782660007e+09
1.556319157706732035e+09
1.556319213630804062e+09
1.556319269554876089e+09
1.556319325478948116e+09
1.556319381403019905e+09
1.556319437327091932e+09
1.556319493251163960e+09
1.556319549175235987e+09
1.556275872475003958e+09
1.556319600000000000e+09
