1.275000000000000000e+06
1.321875000000000000e+06
1.378125000000000000e+06
1.425000000000000000e+06
1.471875000000000000e+06
1.575000000000000000e+06
1.621875000000000000e+06
1.678125000000000000e+06
1.771875000000000000e+06
1.828125000000000000e+06
1.921875000000000000e+06
2.025000000000000000e+06
2.128125000000000000e+06
2.221875000000000000e+06
2.278125000000000000e+06
2.371875000000000000e+06
2.521875000000000000e+06
2.625000000000000000e+06
2.728125000000000000e+06
2.878125000000000000e+06
2.971875000000000000e+06
3.121875000000000000e+06
3.271875000000000000e+06
3.375000000000000000e+06
3.525000000000000000e+06
3.721875000000000000e+06
3.871875000000000000e+06
4.021875000000000000e+06
4.228125000000000000e+06
4.425000000000000000e+06
4.575000000000000000e+06
4.771875000000000000e+06
5.025000000000000000e+06
5.221875000000000000e+06
5.475000000000000000e+06
5.728125000000000000e+06
5.971875000000000000e+06
6.225000000000000000e+06
6.478125000000000000e+06
6.778125000000000000e+06
7.078125000000000000e+06
7.425000000000000000e+06
7.725000000000000000e+06
8.071875000000000000e+06
8.428125000000000000e+06
8.821875000000000000e+06
9.178125000000000000e+06
9.571875000000000000e+06
1.002187500000000000e+07
1.047187500000000000e+07
1.092187500000000000e+07
1.142812500000000000e+07
1.192500000000000000e+07
1.242187500000000000e+07
1.302187500000000000e+07
1.357500000000000000e+07
1.417500000000000000e+07
1.482187500000000000e+07
1.547812500000000000e+07
1.612500000000000000e+07
1.687500000000000000e+07
1.762500000000000000e+07
1.837500000000000000e+07
1.917187600000000000e+07
