1.054687988281250000e+04
1.875000000000000000e+04
2.812500000000000000e+04
3.750000000000000000e+04
4.687500000000000000e+04
5.625000000000000000e+04
6.562500000000000000e+04
7.500000000000000000e+04
8.437500000000000000e+04
8.906250000000000000e+04
9.492188281250000000e+04
1.007812500000000000e+05
1.066406171875000000e+05
1.125000000000000000e+05
1.183593828125000000e+05
1.253906171875000000e+05
1.324218750000000000e+05
1.406250000000000000e+05
1.464843750000000000e+05
1.570312500000000000e+05
1.664062500000000000e+05
1.757812500000000000e+05
1.863281250000000000e+05
1.968750000000000000e+05
2.085937500000000000e+05
2.203125000000000000e+05
2.332031250000000000e+05
2.472656250000000000e+05
2.613281250000000000e+05
2.765625000000000000e+05
2.929687500000000000e+05
3.093750000000000000e+05
3.281250000000000000e+05
3.468750000000000000e+05
3.667968750000000000e+05
3.878906250000000000e+05
4.113281250000000000e+05
4.347656250000000000e+05
4.593750000000000000e+05
4.863281250000000000e+05
5.144531250000000000e+05
5.449218750000000000e+05
5.765625000000000000e+05
6.093750000000000000e+05
6.457031250000000000e+05
6.820312500000000000e+05
7.218750000000000000e+05
7.640625000000000000e+05
8.085937500000000000e+05
8.554687500000000000e+05
9.046875000000000000e+05
9.574218750000000000e+05
1.013671875000000000e+06
1.072265625000000000e+06
1.134375000000000000e+06
1.196484375000000000e+06
1.265625000000000000e+06
1.312500000000000000e+06
1.368750000000000000e+06
1.425000000000000000e+06
1.481250000000000000e+06
1.565625000000000000e+06
1.621875000000000000e+06
1.687500000000000000e+06
