1.556319655924072027e+09
1.556319711848144054e+09
1.556319767772216082e+09
1.556319823696288109e+09
1.556319879620359898e+09
1.556319935544431925e+09
1.556319991468503952e+09
1.556320047392575979e+09
1.556320103316648006e+09
1.556320159240720034e+09
1.556320215164792061e+09
1.556320271088864088e+09
1.556320327012936115e+09
1.556320382937007904e+09
1.556320438861079931e+09
1.556320494785151958e+09
1.556320550709223986e+09
1.556320606633296013e+09
1.556320662557368040e+09
1.556320718481440067e+09
1.556320774405512094e+09
1.556320830329583883e+09
1.556320886253655910e+09
1.556320942177727938e+09
1.556320998101799965e+09
1.556321054025871992e+09
1.556321109949944019e+09
1.556321165874016047e+09
1.556321221798088074e+09
1.556321277722160101e+09
1.556321333646231890e+09
1.556321389570303917e+09
1.556321445494375944e+09
1.556321501418447971e+09
1.556321557342519999e+09
1.556321613266592026e+09
1.556321669190664053e+09
1.556321725114736080e+09
1.556321781038808107e+09
1.556321836962879896e+09
1.556321892886951923e+09
1.556321948811023951e+09
1.556322004735095978e+09
1.556322060659168005e+09
1.556322116583240032e+09
1.556322172507312059e+09
1.556322228431384087e+09
1.556322284355456114e+09
1.556322340279527903e+09
1.556322396203599930e+09
1.556322452127671957e+09
1.556322508051743984e+09
1.556322563975816011e+09
1.556322619899888039e+09
1.556322675823960066e+09
1.556322731748032093e+09
1.556322787672103882e+09
1.556322843596175909e+09
1.556322899520247936e+09
1.556322955444319963e+09
1.556323011368391991e+09
1.556323067292464018e+09
1.556323123216536045e+09
1.556323179140608072e+09
1.556323235064680099e+09
1.556323290988751888e+09
1.556323346912823915e+09
1.556323402836895943e+09
1.556323458760967970e+09
1.556323514685039997e+09
1.556323570609112024e+09
1.556323626533184052e+09
1.556323682457256079e+09
1.556323738381328106e+09
1.556323794305399895e+09
1.556323850229471922e+09
1.556323906153543949e+09
1.556323962077615976e+09
1.556324018001688004e+09
1.556324073925760031e+09
1.556324129849832058e+09
1.556324185773904085e+09
1.556324241697976112e+09
1.556324297622047901e+09
1.556324353546119928e+09
1.556324409470191956e+09
1.556324465394263983e+09
1.556324521318336010e+09
1.556324577242408037e+09
1.556324633166480064e+09
1.556324689090552092e+09
1.556324745014624119e+09
1.556324800938695908e+09
1.556324856862767935e+09
1.556324912786839962e+09
1.556324968710911989e+09
1.556325024634984016e+09
1.556325080559056044e+09
1.556325136483128071e+09
1.556325192407200098e+09
1.556325248331271887e+09
1.556325304255343914e+09
1.556325360179415941e+09
1.556325416103487968e+09
1.556325472027559996e+09
1.556325527951632023e+09
1.556325583875704050e+09
1.556325639799776077e+09
1.556325695723848104e+09
1.556325751647919893e+09
1.556325807571991920e+09
1.556325863496063948e+09
1.556325919420135975e+09
1.556325975344208002e+09
1.556326031268280029e+09
1.556326087192352057e+09
1.556326143116424084e+09
1.556326199040496111e+09
1.556326254964567900e+09
1.556326310888639927e+09
1.556326366812711954e+09
1.556326422736783981e+09
1.556326478660856009e+09
1.556326534584928036e+09
1.556326590509000063e+09
1.556326646433072090e+09
1.556326702357144117e+09
1.556326758281215906e+09
1.556326814205287933e+09
1.556326870129359961e+09
1.556326926053431988e+09
1.556326981977504015e+09
1.556327037901576042e+09
1.556327093825648069e+09
1.556327149749720097e+09
1.556327205673791885e+09
1.556327261597863913e+09
1.556327317521935940e+09
1.556327373446007967e+09
1.556327429370079994e+09
1.556327485294152021e+09
1.556327541218224049e+09
1.556327597142296076e+09
1.556327653066368103e+09
1.556327708990439892e+09
1.556327764914511919e+09
1.556327820838583946e+09
1.556327876762655973e+09
1.556327932686728001e+09
1.556327988610800028e+09
1.556328044534872055e+09
1.556328100458944082e+09
1.556328156383016109e+09
1.556328212307087898e+09
1.556328268231159925e+09
1.556328324155231953e+09
1.556328380079303980e+09
1.556328436003376007e+09
1.556328491927448034e+09
1.556328547851520061e+09
1.556328603775592089e+09
1.556328659699664116e+09
1.556328715623735905e+09
1.556328771547807932e+09
1.556328827471879959e+09
1.556328883395951986e+09
1.556328939320024014e+09
1.556328995244096041e+09
1.556329051168168068e+09
1.556329107092240095e+09
1.556329163016311884e+09
1.556329218940383911e+09
1.556329274864455938e+09
1.556329330788527966e+09
1.556329386712599993e+09
1.556329442636672020e+09
1.556329498560744047e+09
1.556329554484816074e+09
1.556329610408888102e+09
1.556329666332959890e+09
1.556329722257031918e+09
1.556329778181103945e+09
1.556329834105175972e+09
1.556329890029247999e+09
1.556329945953320026e+09
1.556330001877392054e+09
1.556330057801464081e+09
1.556330113725536108e+09
1.556330169649607897e+09
1.556330225573679924e+09
1.556330281497751951e+09
1.556330337421823978e+09
1.556330393345896006e+09
1.556330449269968033e+09
1.556330505194040060e+09
1.556330561118112087e+09
1.556330617042184114e+09
1.556330672966255903e+09
1.556330728890327930e+09
1.556330784814399958e+09
1.556330840738471985e+09
1.556330896662544012e+09
1.556330952586616039e+09
1.556331008510688066e+09
1.556331064434760094e+09
1.556331120358831882e+09
1.556331176282903910e+09
1.556331232206975937e+09
1.556331288131047964e+09
1.556331344055119991e+09
1.556331399979192019e+09
1.556331455903264046e+09
1.556331511827336073e+09
1.556331567751408100e+09
1.556331623675479889e+09
1.556331679599551916e+09
1.556331735523623943e+09
1.556331791447695971e+09
1.556331847371767998e+09
1.556331903295840025e+09
1.556331959219912052e+09
1.556332015143984079e+09
1.556332071068056107e+09
1.556332126992127895e+09
1.556332182916199923e+09
1.556332238840271950e+09
1.556332294764343977e+09
1.556332350688416004e+09
1.556332406612488031e+09
1.556332462536560059e+09
1.556332518460632086e+09
1.556332574384704113e+09
1.556332630308775902e+09
1.556332686232847929e+09
1.556332742156919956e+09
1.556332798080991983e+09
1.556332854005064011e+09
1.556332909929136038e+09
1.556332965853208065e+09
1.556333021777280092e+09
1.556333077701351881e+09
1.556333133625423908e+09
1.556333189549495935e+09
1.556333245473567963e+09
1.556333301397639990e+09
1.556333357321712017e+09
1.556333413245784044e+09
1.556333469169856071e+09
1.556333525093928099e+09
1.556333581017999887e+09
1.556333636942071915e+09
1.556333692866143942e+09
1.556333748790215969e+09
1.556333804714287996e+09
1.556333860638360023e+09
1.556333916562432051e+09
1.556333972486504078e+09
1.556334028410576105e+09
1.556334084334647894e+09
1.556334140258719921e+09
1.556334196182791948e+09
1.556334252106863976e+09
1.556334308030936003e+09
1.556334363955008030e+09
1.556334419879080057e+09
1.556334475803152084e+09
1.556334531727224112e+09
1.556334587651295900e+09
1.556334643575367928e+09
1.556334699499439955e+09
1.556334755423511982e+09
1.556334811347584009e+09
1.556334867271656036e+09
1.556334923195728064e+09
1.556334979119800091e+09
1.556335035043872118e+09
1.556335090967943907e+09
1.556335146892015934e+09
1.556335202816087961e+09
1.556335258740159988e+09
1.556335314664232016e+09
1.556335370588304043e+09
1.556335426512376070e+09
1.556335482436448097e+09
1.556335538360519886e+09
1.556335594284591913e+09
1.556335650208663940e+09
1.556335706132735968e+09
1.556335762056807995e+09
1.556335817980880022e+09
1.556335873904952049e+09
1.556335929829024076e+09
1.556335985753096104e+09
1.556336041677167892e+09
1.556336097601239920e+09
1.556336153525311947e+09
1.556336209449383974e+09
1.556336265373456001e+09
1.556336321297528028e+09
1.556336377221600056e+09
1.556336433145672083e+09
1.556336489069744110e+09
1.556336544993815899e+09
1.556336600917887926e+09
1.556336656841959953e+09
1.556336712766031981e+09
1.556336768690104008e+09
1.556336824614176035e+09
1.556336880538248062e+09
1.556336936462320089e+09
1.556336992386392117e+09
1.556337048310463905e+09
1.556337104234535933e+09
1.556337160158607960e+09
1.556337216082679987e+09
1.556337272006752014e+09
1.556337327930824041e+09
1.556337383854896069e+09
1.556337439778968096e+09
1.556337495703039885e+09
1.556337551627111912e+09
1.556337607551183939e+09
1.556337663475255966e+09
1.556337719399327993e+09
1.556337775323400021e+09
1.556337831247472048e+09
1.556337887171544075e+09
1.556337943095616102e+09
1.556337999019687891e+09
1.556338054943759918e+09
1.556338110867831945e+09
1.556338166791903973e+09
1.556338222715976000e+09
1.556338278640048027e+09
1.556338334564120054e+09
1.556338390488192081e+09
1.556338446412264109e+09
1.556338502336335897e+09
1.556338558260407925e+09
1.556338614184479952e+09
1.556338670108551979e+09
1.556338726032624006e+09
1.556338781956696033e+09
1.556338837880768061e+09
1.556338893804840088e+09
1.556338949728912115e+09
1.556339005652983904e+09
1.556339061577055931e+09
1.556339117501127958e+09
1.556339173425199986e+09
1.556339229349272013e+09
1.556339285273344040e+09
1.556339341197416067e+09
1.556339397121488094e+09
1.556339453045559883e+09
1.556339508969631910e+09
1.556339564893703938e+09
1.556339620817775965e+09
1.556339676741847992e+09
1.556339732665920019e+09
1.556339788589992046e+09
1.556339844514064074e+09
1.556339900438136101e+09
1.556339956362207890e+09
1.556340012286279917e+09
1.556340068210351944e+09
1.556340124134423971e+09
1.556340180058495998e+09
1.556340235982568026e+09
1.556340291906640053e+09
1.556340347830712080e+09
1.556340403754784107e+09
1.556340459678855896e+09
1.556340515602927923e+09
1.556340571526999950e+09
1.556340627451071978e+09
1.556340683375144005e+09
1.556340739299216032e+09
1.556340795223288059e+09
1.556340851147360086e+09
1.556340907071432114e+09
1.556340962995503902e+09
1.556341018919575930e+09
1.556341074843647957e+09
1.556341130767719984e+09
1.556341186691792011e+09
1.556341242615864038e+09
1.556341298539936066e+09
1.556341354464008093e+09
1.556341410388079882e+09
1.556341466312151909e+09
1.556341522236223936e+09
1.556341578160295963e+09
1.556341634084367990e+09
1.556341690008440018e+09
1.556341745932512045e+09
1.556341801856584072e+09
1.556341857780656099e+09
1.556341913704727888e+09
1.556341969628799915e+09
1.556342025552871943e+09
1.556342081476943970e+09
1.556342137401015997e+09
1.556342193325088024e+09
1.556342249249160051e+09
1.556342305173232079e+09
1.556342361097304106e+09
1.556342417021375895e+09
1.556342472945447922e+09
1.556342528869519949e+09
1.556342584793591976e+09
1.556342640717664003e+09
1.556342696641736031e+09
1.556342752565808058e+09
1.556342808489880085e+09
1.556342864413952112e+09
1.556342920338023901e+09
1.556342976262095928e+09
1.556343032186167955e+09
1.556343088110239983e+09
1.556343144034312010e+09
1.556343199958384037e+09
1.556343255882456064e+09
1.556343311806528091e+09
1.556343367730600119e+09
1.556343423654671907e+09
1.556343479578743935e+09
1.556343535502815962e+09
1.556343591426887989e+09
1.556343647350960016e+09
1.556343703275032043e+09
1.556343759199104071e+09
1.556343815123176098e+09
1.556343871047247887e+09
1.556343926971319914e+09
1.556343982895391941e+09
1.556344038819463968e+09
1.556344094743535995e+09
1.556344150667608023e+09
1.556344206591680050e+09
1.556344262515752077e+09
1.556344318439824104e+09
1.556344374363895893e+09
1.556344430287967920e+09
1.556344486212039948e+09
1.556344542136111975e+09
1.556344598060184002e+09
1.556344653984256029e+09
1.556344709908328056e+09
1.556344765832400084e+09
1.556344821756472111e+09
1.556344877680543900e+09
1.556344933604615927e+09
1.556344989528687954e+09
1.556233200000000000e+09
1.556258596695359945e+09
1.556258603685837984e+09
1.556258610676316977e+09
1.556258617666795015e+09
1.556258645628709078e+09
1.556258701552293062e+09
1.556258757476119995e+09
1.556258813399703979e+09
1.556258869323532104e+09
1.556258925247114897e+09
1.556258981170943022e+09
1.556259037094770908e+09
1.556259093018353939e+09
1.556259148942182064e+09
1.556259204866008997e+09
1.556259260789592981e+09
1.556259316713421106e+09
1.556259372637248039e+09
1.556259428561075926e+09
1.556259484484903097e+09
1.556259540408730984e+09
1.556259596332559109e+09
1.556259652256141901e+09
1.556259708179970026e+09
1.556259764103797913e+09
1.556259820027625084e+09
1.556259875951452971e+09
1.556259931875281096e+09
1.556259987799108028e+09
1.556260043722935915e+09
1.556260099647007942e+09
1.556260155570836067e+09
1.556260211494663000e+09
1.556260267418490887e+09
1.556260323342319012e+09
1.556260379266145945e+09
1.556260435189974070e+09
1.556260491114046097e+09
1.556260547037873030e+09
1.556260602961700916e+09
1.556260658885529041e+09
1.556260714809601068e+09
1.556260770733428001e+09
1.556260826657255888e+09
1.556260882581084013e+09
1.556260938505155087e+09
1.556260994428982973e+09
1.556261050352811098e+09
1.556261106276882887e+09
1.556261162200710058e+09
1.556261218124782085e+09
1.556261274048609972e+09
1.556261329972436905e+09
1.556261385896508932e+09
1.556261441820337057e+09
1.556261497744407892e+09
1.556261553668236017e+09
1.556261609592308044e+09
1.556261665516135931e+09
1.556261721440207005e+09
1.556261777364034891e+09
1.556261833288106918e+09
1.556261889212178946e+09
1.556261945136007071e+09
1.556262001060077906e+09
1.556262056983906031e+09
1.556262112907978058e+09
1.556262168831804991e+09
1.556262224755877018e+09
1.556262280679949045e+09
1.556262336603776932e+09
1.556262392527848005e+09
1.556262448451920033e+09
1.556262504375747919e+09
1.556262560299819946e+09
1.556262616223891973e+09
1.556262672147963047e+09
1.556262728071790934e+09
1.556262783995862961e+09
1.556262839919934988e+09
1.556262895843761921e+09
1.556262951767833948e+09
1.556263007691905975e+09
1.556263063615978003e+09
1.556263119540050030e+09
1.556263175463876963e+09
1.556263231387948990e+09
1.556263287312021017e+09
1.556263343236093044e+09
1.556263399160164118e+09
1.556263455083992004e+09
1.556263511008064032e+09
1.556263566932136059e+09
1.556263622856208086e+09
1.556263678780278921e+09
1.556263734704350948e+09
1.556263790628422976e+09
1.556263846552251101e+09
1.556263902476322889e+09
1.556263958400393963e+09
1.556264014324465990e+09
1.556264070248538017e+09
1.556264126172610044e+09
1.556264182096682072e+09
1.556264238020752907e+09
1.556264293944824934e+09
1.556264349868896961e+09
1.556264405792968988e+09
1.556264461717041016e+09
1.556264517641112089e+09
1.556264573564939976e+09
1.556264629489012003e+09
1.556264685413084030e+09
1.556264741337155104e+09
1.556264797261226892e+09
1.556264853185298920e+09
1.556264909109370947e+09
1.556264965033442974e+09
1.556265020957514048e+09
1.556265076881586075e+09
1.556265132805658102e+09
1.556265188729729891e+09
1.556265244653801918e+09
1.556265300577873945e+09
1.556265356501945019e+09
1.556265412426017046e+09
1.556265468350089073e+09
1.556265524274161100e+09
1.556265580198477030e+09
1.556265636122549057e+09
1.556265692046619892e+09
1.556265747970691919e+09
1.556265803894763947e+09
1.556265859818835974e+09
1.556265915742908001e+09
1.556265971666979074e+09
1.556266027591051102e+09
1.556266083515122890e+09
1.556266139439194918e+09
1.556266195363266945e+09
1.556266251287338018e+09
1.556266307211410046e+09
1.556266363135482073e+09
1.556266419059554100e+09
1.556266474983870029e+09
1.556266530907942057e+09
1.556266586832012892e+09
1.556266642756084919e+09
1.556266698680156946e+09
1.556266754604228973e+09
1.556266810528301001e+09
1.556266866452372074e+09
1.556266922376444101e+09
1.556266978300515890e+09
1.556267034224832058e+09
1.556267090148904085e+09
1.556267146072976112e+09
1.556267201997047901e+09
1.556267257921118975e+09
1.556267313845191002e+09
1.556267369769263029e+09
1.556267425693335056e+09
1.556267481617650986e+09
1.556267537541722059e+09
1.556267593465794086e+09
1.556267649389866114e+09
1.556267705313937902e+09
1.556267761238009930e+09
1.556267817162081957e+09
1.556267873086396933e+09
1.556267929010468960e+09
1.556267984934540987e+09
1.556268040858613014e+09
1.556268096782685041e+09
1.556268152706756115e+09
1.556268208630827904e+09
1.556268264555144072e+09
1.556268320479216099e+09
1.556268376403287888e+09
1.556268432327359915e+09
1.556268488251430988e+09
1.556268544175503016e+09
1.556268600099818945e+09
1.556268656023890972e+09
1.556268711947962999e+09
1.556268767872035027e+09
1.556268823796106100e+09
1.556268879720177889e+09
1.556268935644494057e+09
1.556268991568566084e+09
1.556269047492638111e+09
1.556269103416709900e+09
1.556269159340780973e+09
1.556269215264853001e+09
1.556269271189168930e+09
1.556269327113240957e+09
1.556269383037312984e+09
1.556269438961385012e+09
1.556269494885457039e+09
1.556269550809528112e+09
1.556269606733844042e+09
1.556269662657916069e+09
1.556269718581988096e+09
1.556269774506059885e+09
1.556269830430130959e+09
1.556269886354446888e+09
1.556269942278518915e+09
1.556269998202590942e+09
1.556270054126662970e+09
1.556270110050734997e+09
1.556270165975050926e+09
1.556270221899122000e+09
1.556270277823194027e+09
1.556270333747266054e+09
1.556270389671338081e+09
1.556270445595654011e+09
1.556270501519726038e+09
1.556270557443797112e+09
1.556270613367868900e+09
1.556270669291940928e+09
1.556270725216257095e+09
1.556270781140328884e+09
1.556270837064400911e+09
1.556270892988471985e+09
1.556270948912544012e+09
1.556271004836859941e+09
1.556271060760931969e+09
1.556271116685003996e+09
1.556271172609075069e+09
1.556271228533147097e+09
1.556271284457463026e+09
1.556271340381535053e+09
1.556271396305607080e+09
1.556271452229679108e+09
1.556271508153750896e+09
1.556271564078066111e+09
1.556271620002137899e+09
1.556271675926209927e+09
1.556271731850281954e+09
1.556271787774353981e+09
1.556271843698669910e+09
1.556271899622741938e+09
1.556271955546813011e+09
1.556272011470885038e+09
1.556272067395200968e+09
1.556272123319272995e+09
1.556272179243345022e+09
1.556272235167416096e+09
1.556272291091487885e+09
1.556272347015804052e+09
1.556272402939876080e+09
1.556272458863948107e+09
1.556272514788019896e+09
1.556272570712336063e+09
1.556272626636406898e+09
1.556272682560478926e+09
1.556272738484550953e+09
1.556272794408622980e+09
1.556272850332938910e+09
1.556272906257010937e+09
1.556272962181082010e+09
1.556273018105154037e+09
1.556273074029469967e+09
1.556273129953541994e+09
1.556273185877614021e+09
1.556273241801686049e+09
1.556273297725756884e+09
1.556273353650073051e+09
1.556273409574145079e+09
1.556273465498217106e+09
1.556273521422288895e+09
1.556273577346605062e+09
1.556273633270675898e+09
1.556273689194747925e+09
1.556273745118819952e+09
1.556273801043135881e+09
1.556273856967207909e+09
1.556273912891279936e+09
1.556273968815351963e+09
1.556274024739423037e+09
1.556274080663738966e+09
1.556274136587810993e+09
1.556274192511883020e+09
1.556274248435955048e+09
1.556274304360270023e+09
1.556274360284342051e+09
1.556274416208414078e+09
1.556274472132486105e+09
1.556274528056802034e+09
1.556274583980874062e+09
1.556274639904946089e+09
1.556274695829016924e+09
1.556274751753333092e+09
1.556274807677405119e+09
1.556274863601476908e+09
1.556274919525548935e+09
1.556274975449620962e+09
1.556275031373936892e+09
1.556275087298007965e+09
1.556275143222079992e+09
1.556275199146152020e+09
1.556275255070467949e+09
1.556275310994539976e+09
1.556275366918612003e+09
1.556275422842683077e+09
1.556275478766999006e+09
1.556275534691071033e+09
1.556275590615143061e+09
1.556275646539215088e+09
1.556275702463531017e+09
1.556275758387602091e+09
1.556275814311674118e+09
1.556275870235745907e+09
1.556275926159817934e+09
1.556275982083889961e+09
1.556276038007961988e+09
1.556276093932034016e+09
1.556276149856106043e+09
1.556276205780178070e+09
1.556276261704250097e+09
1.556276317628321886e+09
1.556276373552393913e+09
1.556276429476465940e+09
1.556276485400537968e+09
1.556276541324609995e+09
1.556276597248682022e+09
1.556276653172754049e+09
1.556276709096826077e+09
1.556276765020898104e+09
1.556276820944969893e+09
1.556276876869041920e+09
1.556276932793113947e+09
1.556276988717185974e+09
1.556277044641258001e+09
1.556277100565330029e+09
1.556277156489402056e+09
1.556277212413474083e+09
1.556277268337546110e+09
1.556277324261617899e+09
1.556277380185689926e+09
1.556277436109761953e+09
1.556277492033833981e+09
1.556277547957906008e+09
1.556277603881978035e+09
1.556277659806050062e+09
1.556277715730122089e+09
1.556277771654194117e+09
1.556277827578265905e+09
1.556277883502337933e+09
1.556277939426409960e+09
1.556277995350481987e+09
1.556278051274554014e+09
1.556278107198626041e+09
1.556278163122698069e+09
1.556278219046770096e+09
1.556278274970841885e+09
1.556278330894913912e+09
1.556278386818985939e+09
1.556278442743057966e+09
1.556278498667129993e+09
1.556278554591202021e+09
1.556278610515274048e+09
1.556278666439346075e+09
1.556278722363418102e+09
1.556278778287489891e+09
1.556278834211561918e+09
1.556278890135633945e+09
1.556278946059705973e+09
1.556279001983778000e+09
1.556279057907850027e+09
1.556279113831922054e+09
1.556279169755994081e+09
1.556279225680066109e+09
1.556279281604137897e+09
1.556279337528209925e+09
1.556279393452281952e+09
1.556279449376353979e+09
1.556279505300426006e+09
1.556279561224498034e+09
1.556279617148570061e+09
1.556279673072642088e+09
1.556279728996714115e+09
1.556279784920785904e+09
1.556279840844857931e+09
1.556279896768929958e+09
1.556279952693001986e+09
1.556280008617074013e+09
1.556280064541146040e+09
1.556280120465218067e+09
1.556280176389290094e+09
1.556280232313361883e+09
1.556280288237433910e+09
1.556280344161505938e+09
1.556280400085577965e+09
1.556280456009649992e+09
1.556280511933722019e+09
1.556280567857794046e+09
1.556280623781866074e+09
1.556280679705938101e+09
1.556280735630009890e+09
1.556280791554081917e+09
1.556280847478153944e+09
1.556280903402225971e+09
1.556280959326297998e+09
1.556281015250370026e+09
1.556281071174442053e+09
1.556281127098514080e+09
1.556281183022586107e+09
1.556281238946657896e+09
1.556281294870729923e+09
1.556281350794801950e+09
1.556281406718873978e+09
1.556281462642946005e+09
1.556281518567018032e+09
1.556281574491090059e+09
1.556281630415162086e+09
1.556281686339234114e+09
1.556281742263305902e+09
1.556281798187377930e+09
1.556281854111449957e+09
1.556281910035521984e+09
1.556281965959594011e+09
1.556282021883666039e+09
1.556282077807738066e+09
1.556282133731810093e+09
1.556282189655881882e+09
1.556282245579953909e+09
1.556282301504025936e+09
1.556282357428097963e+09
1.556282413352169991e+09
1.556282469276242018e+09
1.556282525200314045e+09
1.556282581124386072e+09
1.556282637048458099e+09
1.556282692972529888e+09
1.556282748896601915e+09
1.556282804820673943e+09
1.556282860744745970e+09
1.556282916668817997e+09
1.556282972592890024e+09
1.556283028516962051e+09
1.556283084441034079e+09
1.556283140365106106e+09
1.556283196289177895e+09
1.556283252213249922e+09
1.556283308137321949e+09
1.556283364061393976e+09
1.556283419985466003e+09
1.556283475909538031e+09
1.556283531833610058e+09
1.556283587757682085e+09
1.556283643681754112e+09
1.556283699605825901e+09
1.556283755529897928e+09
1.556283811453969955e+09
1.556283867378041983e+09
1.556283923302114010e+09
1.556283979226186037e+09
1.556284035150258064e+09
1.556284091074330091e+09
1.556284146998402119e+09
1.556284202922473907e+09
1.556284258846545935e+09
1.556284314770617962e+09
1.556284370694689989e+09
1.556284426618762016e+09
1.556284482542834044e+09
1.556284538466906071e+09
1.556284594390978098e+09
1.556284650315049887e+09
1.556284706239121914e+09
1.556284762163193941e+09
1.556284818087265968e+09
1.556284874011337996e+09
1.556284929935410023e+09
1.556284985859482050e+09
1.556285041783554077e+09
1.556285097707626104e+09
1.556285153631697893e+09
1.556285209555769920e+09
1.556285265479841948e+09
1.556285321403913975e+09
1.556285377327986002e+09
1.556285433252058029e+09
1.556285489176130056e+09
1.556285545100202084e+09
1.556285601024274111e+09
1.556285656948345900e+09
1.556285712872417927e+09
1.556285768796489954e+09
1.556285824720561981e+09
1.556285880644634008e+09
1.556285936568706036e+09
1.556285992492778063e+09
1.556286048416850090e+09
1.556286104340922117e+09
1.556286160264993906e+09
1.556286216189065933e+09
1.556286272113137960e+09
1.556286328037209988e+09
1.556286383961282015e+09
1.556286439885354042e+09
1.556286495809426069e+09
1.556286551733498096e+09
1.556286607657569885e+09
1.556286663581641912e+09
1.556286719505713940e+09
1.556286775429785967e+09
1.556286831353857994e+09
1.556286887277930021e+09
1.556286943202002048e+09
1.556286999126074076e+09
1.556287055050146103e+09
1.556287110974217892e+09
1.556287166898289919e+09
1.556287222822361946e+09
1.556287278746433973e+09
1.556287334670506001e+09
1.556287390594578028e+09
1.556287446518650055e+09
1.556287502442722082e+09
1.556287558366794109e+09
1.556287614290865898e+09
1.556287670214937925e+09
1.556287726139009953e+09
1.556287782063081980e+09
1.556287837987154007e+09
1.556287893911226034e+09
1.556287949835298061e+09
1.556288005759370089e+09
1.556288061683442116e+09
1.556288117607513905e+09
1.556288173531585932e+09
1.556288229455657959e+09
1.556288285379729986e+09
1.556288341303802013e+09
1.556288397227874041e+09
1.556288453151946068e+09
1.556288509076018095e+09
1.556288565000089884e+09
1.556288620924161911e+09
1.556288676848233938e+09
1.556288732772305965e+09
1.556288788696377993e+09
1.556288844620450020e+09
1.556288900544522047e+09
1.556288956468594074e+09
1.556289012392666101e+09
1.556289068316737890e+09
1.556289124240809917e+09
1.556289180164881945e+09
1.556289236088953972e+09
1.556289292013025999e+09
1.556289347937098026e+09
1.556289403861170053e+09
1.556289459785242081e+09
1.556289515709314108e+09
1.556289571633385897e+09
1.556289627557457924e+09
1.556289683481529951e+09
1.556289739405601978e+09
1.556289795329674006e+09
1.556289851253746033e+09
1.556289907177818060e+09
1.556289963101890087e+09
1.556290019025962114e+09
1.556290074950033903e+09
1.556290130874105930e+09
1.556290186798177958e+09
1.556290242722249985e+09
1.556290298646322012e+09
1.556290354570394039e+09
1.556290410494466066e+09
1.556290466418538094e+09
1.556290522342609882e+09
1.556290578266681910e+09
1.556290634190753937e+09
1.556290690114825964e+09
1.556290746038897991e+09
1.556290801962970018e+09
1.556290857887042046e+09
1.556290913811114073e+09
1.556290969735186100e+09
1.556291025659257889e+09
1.556291081583329916e+09
1.556291137507401943e+09
1.556291193431473970e+09
1.556291249355545998e+09
1.556291305279618025e+09
1.556291361203690052e+09
1.556291417127762079e+09
1.556291473051834106e+09
1.556291528975905895e+09
1.556291584899977922e+09
1.556291640824049950e+09
1.556291696748121977e+09
1.556291752672194004e+09
1.556291808596266031e+09
1.556291864520338058e+09
1.556291920444410086e+09
1.556291976368482113e+09
1.556292032292553902e+09
1.556292088216625929e+09
1.556292144140697956e+09
1.556292200064769983e+09
1.556292255988842010e+09
1.556292311912914038e+09
1.556292367836986065e+09
1.556292423761058092e+09
1.556292479685129881e+09
1.556292535609201908e+09
1.556292591533273935e+09
1.556292647457345963e+09
1.556292703381417990e+09
1.556292759305490017e+09
1.556292815229562044e+09
1.556292871153634071e+09
1.556292927077706099e+09
1.556292983001777887e+09
1.556293038925849915e+09
1.556293094849921942e+09
1.556293150773993969e+09
1.556293206698065996e+09
1.556293262622138023e+09
1.556293318546210051e+09
1.556293374470282078e+09
1.556293430394354105e+09
1.556293486318425894e+09
1.556293542242497921e+09
1.556293598166569948e+09
1.556293654090641975e+09
1.556293710014714003e+09
1.556293765938786030e+09
1.556293821862858057e+09
1.556293877786930084e+09
1.556293933711002111e+09
1.556293989635073900e+09
1.556294045559145927e+09
1.556294101483217955e+09
1.556294157407289982e+09
1.556294213331362009e+09
1.556294269255434036e+09
1.556294325179506063e+09
1.556294381103578091e+09
1.556294437027650118e+09
1.556294492951721907e+09
1.556294548875793934e+09
1.556294604799865961e+09
1.556294660723937988e+09
1.556294716648010015e+09
1.556294772572082043e+09
1.556294828496154070e+09
1.556294884420226097e+09
1.556294940344297886e+09
1.556294996268369913e+09
1.556295052192441940e+09
1.556295108116513968e+09
1.556295164040585995e+09
1.556295219964658022e+09
1.556295275888730049e+09
1.556295331812802076e+09
1.556295387736874104e+09
1.556295443660945892e+09
1.556295499585017920e+09
1.556295555509089947e+09
1.556295611433161974e+09
1.556295667357234001e+09
1.556295723281306028e+09
1.556295779205378056e+09
1.556295835129450083e+09
1.556295891053522110e+09
1.556295946977593899e+09
1.556296002901665926e+09
1.556296058825737953e+09
1.556296114749809980e+09
1.556296170673882008e+09
1.556296226597954035e+09
1.556296282522026062e+09
1.556296338446098089e+09
1.556296394370170116e+09
1.556296450294241905e+09
1.556296506218313932e+09
1.556296562142385960e+09
1.556296618066457987e+09
1.556296673990530014e+09
1.556296729914602041e+09
1.556296785838674068e+09
1.556296841762746096e+09
1.556296897686817884e+09
1.556296953610889912e+09
1.556297009534961939e+09
1.556297065459033966e+09
1.556297121383105993e+09
1.556297177307178020e+09
1.556297233231250048e+09
1.556297289155322075e+09
1.556297345079394102e+09
1.556297401003465891e+09
1.556297456927537918e+09
1.556297512851609945e+09
1.556297568775681973e+09
1.556297624699754000e+09
1.556297680623826027e+09
1.556297736547898054e+09
1.556297792471970081e+09
1.556297848396042109e+09
1.556297904320113897e+09
1.556297960244185925e+09
1.556298016168257952e+09
1.556298072092329979e+09
1.556298128016402006e+09
1.556298183940474033e+09
1.556298239864546061e+09
1.556298295788618088e+09
1.556298351712690115e+09
1.556298407636761904e+09
1.556298463560833931e+09
1.556298519484905958e+09
1.556298575408977985e+09
1.556298631333050013e+09
1.556298687257122040e+09
1.556298743181194067e+09
1.556298799105266094e+09
1.556298855029337883e+09
1.556298910953409910e+09
1.556298966877481937e+09
1.556299022801553965e+09
1.556299078725625992e+09
1.556299134649698019e+09
1.556299190573770046e+09
1.556299246497842073e+09
1.556299302421914101e+09
1.556299358345985889e+09
1.556299414270057917e+09
1.556299470194129944e+09
1.556299526118201971e+09
1.556299582042273998e+09
1.556299637966346025e+09
1.556299693890418053e+09
1.556299749814490080e+09
1.556299805738562107e+09
1.556299861662633896e+09
1.556299917586705923e+09
1.556299973510777950e+09
1.556300029434849977e+09
1.556300085358922005e+09
1.556300141282994032e+09
1.556300197207066059e+09
1.556300253131138086e+09
1.556300309055210114e+09
1.556300364979281902e+09
1.556300420903353930e+09
1.556300476827425957e+09
1.556300532751497984e+09
1.556300588675570011e+09
1.556300644599642038e+09
1.556300700523714066e+09
1.556300756447786093e+09
1.556300812371857882e+09
1.556300868295929909e+09
1.556300924220001936e+09
1.556300980144073963e+09
1.556301036068145990e+09
1.556301091992218018e+09
1.556301147916290045e+09
1.556301203840362072e+09
1.556301259764434099e+09
1.556301315688505888e+09
1.556301371612577915e+09
1.556301427536649942e+09
1.556301483460721970e+09
1.556301539384793997e+09
1.556301595308866024e+09
1.556301651232938051e+09
1.556301707157010078e+09
1.556301763081082106e+09
1.556301819005153894e+09
1.556301874929225922e+09
1.556301930853297949e+09
1.556301986777369976e+09
1.556302042701442003e+09
1.556302098625514030e+09
1.556302154549586058e+09
1.556302210473658085e+09
1.556302266397730112e+09
1.556302322321801901e+09
1.556302378245873928e+09
1.556302434169945955e+09
1.556302490094017982e+09
1.556302546018090010e+09
1.556302601942162037e+09
1.556302657866234064e+09
1.556302713790306091e+09
1.556302769714378119e+09
1.556302825638449907e+09
1.556302881562521935e+09
1.556302937486593962e+09
1.556302993410665989e+09
1.556303049334738016e+09
1.556303105258810043e+09
1.556303161182882071e+09
1.556303217106954098e+09
1.556303273031025887e+09
1.556303328955097914e+09
1.556303384879169941e+09
1.556303440803241968e+09
1.556303496727313995e+09
1.556303552651386023e+09
1.556303608575458050e+09
1.556303664499530077e+09
1.556303720423602104e+09
1.556303776347673893e+09
1.556303832271745920e+09
1.556303888195817947e+09
1.556303944119889975e+09
1.556304000043962002e+09
1.556304055968034029e+09
1.556304111892106056e+09
1.556304167816178083e+09
1.556304223740250111e+09
1.556304279664321899e+09
1.556304335588393927e+09
1.556304391512465954e+09
1.556304447436537981e+09
1.556304503360610008e+09
1.556304559284682035e+09
1.556304615208754063e+09
1.556304671132826090e+09
1.556304727056898117e+09
1.556304782980969906e+09
1.556304838905041933e+09
1.556304894829113960e+09
1.556304950753185987e+09
1.556305006677258015e+09
1.556305062601330042e+09
1.556305118525402069e+09
1.556305174449474096e+09
1.556305230373545885e+09
1.556305286297617912e+09
1.556305342221689939e+09
1.556305398145761967e+09
1.556305454069833994e+09
1.556305509993906021e+09
1.556305565917978048e+09
1.556305621842050076e+09
1.556305677766122103e+09
1.556305733690193892e+09
1.556305789614265919e+09
1.556305845538337946e+09
1.556305901462409973e+09
1.556305957386482000e+09
1.556306013310554028e+09
1.556306069234626055e+09
1.556306125158698082e+09
1.556306181082770109e+09
1.556306237006841898e+09
1.556306292930913925e+09
1.556306348854985952e+09
1.556306404779057980e+09
1.556306460703130007e+09
1.556306516627202034e+09
1.556306572551274061e+09
1.556306628475346088e+09
1.556306684399418116e+09
1.556306740323489904e+09
1.556306796247561932e+09
1.556306852171633959e+09
1.556306908095705986e+09
1.556306964019778013e+09
1.556307019943850040e+09
1.556307075867922068e+09
1.556307131791994095e+09
1.556307187716065884e+09
1.556307243640137911e+09
1.556307299564209938e+09
1.556307355488281965e+09
1.556307411412353992e+09
1.556307467336426020e+09
1.556307523260498047e+09
1.556307579184570074e+09
1.556307635108642101e+09
1.556307691032713890e+09
1.556307746956785917e+09
1.556307802880857944e+09
1.556307858804929972e+09
1.556307914729001999e+09
1.556307970653074026e+09
1.556308026577146053e+09
1.556308082501218081e+09
1.556308138425290108e+09
1.556308194349361897e+09
1.556308250273433924e+09
1.556308306197505951e+09
1.556308362121577978e+09
1.556308418045650005e+09
1.556308473969722033e+09
1.556308529893794060e+09
1.556308585817866087e+09
1.556308641741938114e+09
1.556308697666009903e+09
1.556308753590081930e+09
1.556308809514153957e+09
1.556308865438225985e+09
1.556308921362298012e+09
1.556308977286370039e+09
1.556309033210442066e+09
1.556309089134514093e+09
1.556309145058585882e+09
1.556309200982657909e+09
1.556309256906729937e+09
1.556309312830801964e+09
1.556309368754873991e+09
1.556309424678946018e+09
1.556309480603018045e+09
1.556309536527090073e+09
1.556309592451162100e+09
1.556309648375233889e+09
1.556309704299305916e+09
1.556309760223377943e+09
1.556309816147449970e+09
1.556309872071521997e+09
1.556309927995594025e+09
1.556309983919666052e+09
1.556310039843738079e+09
1.556310095767810106e+09
1.556310151691881895e+09
1.556310207615953922e+09
1.556310263540025949e+09
1.556310319464097977e+09
1.556310375388170004e+09
1.556310431312242031e+09
1.556310487236314058e+09
1.556310543160386086e+09
1.556310599084458113e+09
1.556310655008529902e+09
1.556310710932601929e+09
1.556310766856673956e+09
1.556310822780745983e+09
1.556310878704818010e+09
1.556310934628890038e+09
1.556310990552962065e+09
1.556311046477034092e+09
1.556311102401106119e+09
1.556311158325177908e+09
1.556311214249249935e+09
1.556311270173321962e+09
1.556311326097393990e+09
1.556311382021466017e+09
1.556311437945538044e+09
1.556311493869610071e+09
1.556311549793682098e+09
1.556311605717753887e+09
1.556311661641825914e+09
1.556311717565897942e+09
1.556311773489969969e+09
1.556311829414041996e+09
1.556311885338114023e+09
1.556311941262186050e+09
1.556311997186258078e+09
1.556312053110330105e+09
1.556312109034401894e+09
1.556312164958473921e+09
1.556312220882545948e+09
1.556312276806617975e+09
1.556312332730690002e+09
1.556312388654762030e+09
1.556312444578834057e+09
1.556312500502906084e+09
1.556312556426978111e+09
1.556312612351049900e+09
1.556312668275121927e+09
1.556312724199193954e+09
1.556312780123265982e+09
1.556312836047338009e+09
1.556312891971410036e+09
1.556312947895482063e+09
1.556313003819554090e+09
1.556313059743626118e+09
1.556313115667697906e+09
1.556313171591769934e+09
1.556313227515841961e+09
1.556313283439913988e+09
1.556313339363986015e+09
1.556313395288058043e+09
1.556313451212130070e+09
1.556313507136202097e+09
1.556313563060273886e+09
1.556313618984345913e+09
1.556313674908417940e+09
1.556313730832489967e+09
1.556313786756561995e+09
1.556313842680634022e+09
1.556313898604706049e+09
1.556313954528778076e+09
1.556314010452850103e+09
1.556314066376921892e+09
1.556314122300993919e+09
1.556314178225065947e+09
1.556314234149137974e+09
1.556314290073210001e+09
1.556314345997282028e+09
1.556314401921354055e+09
1.556314457845426083e+09
1.556314513769498110e+09
1.556314569693569899e+09
1.556314625617641926e+09
1.556314681541713953e+09
1.556314737465785980e+09
1.556314793389858007e+09
1.556314849313930035e+09
1.556314905238002062e+09
1.556314961162074089e+09
1.556315017086146116e+09
1.556315073010217905e+09
1.556315128934289932e+09
1.556315184858361959e+09
1.556315240782433987e+09
1.556315296706506014e+09
1.556315352630578041e+09
1.556315408554650068e+09
1.556315464478722095e+09
1.556315520402793884e+09
1.556315576326865911e+09
1.556315632250937939e+09
1.556315688175009966e+09
1.556315744099081993e+09
1.556315800023154020e+09
1.556315855947226048e+09
1.556315911871298075e+09
1.556315967795370102e+09
1.556316023719441891e+09
1.556316079643513918e+09
1.556316135567585945e+09
1.556316191491657972e+09
1.556316247415730000e+09
1.556316303339802027e+09
1.556316359263874054e+09
1.556316415187946081e+09
1.556316471112018108e+09
1.556316527036089897e+09
1.556316582960161924e+09
1.556316638884233952e+09
1.556316694808305979e+09
1.556316750732378006e+09
1.556316806656450033e+09
1.556316862580522060e+09
1.556316918504594088e+09
1.556316974428666115e+09
1.556317030352737904e+09
1.556317086276809931e+09
1.556317142200881958e+09
1.556317198124953985e+09
1.556317254049026012e+09
1.556317309973098040e+09
1.556317365897170067e+09
1.556317421821242094e+09
1.556317477745313883e+09
1.556317533669385910e+09
1.556317589593457937e+09
1.556317645517529964e+09
1.556317701441601992e+09
1.556317757365674019e+09
1.556317813289746046e+09
1.556317869213818073e+09
1.556317925137890100e+09
1.556317981061961889e+09
1.556318036986033916e+09
1.556318092910105944e+09
1.556318148834177971e+09
1.556318204758249998e+09
1.556318260682322025e+09
1.556318316606394053e+09
1.556318372530466080e+09
1.556318428454538107e+09
1.556318484378609896e+09
1.556318540302681923e+09
1.556318596226753950e+09
1.556318652150825977e+09
1.556318708074898005e+09
1.556318763998970032e+09
1.556318819923042059e+09
1.556318875847114086e+09
1.556318931771186113e+09
1.556318987695257902e+09
1.556319043619329929e+09
1.556319099543401957e+09
1.556319155467473984e+09
1.556319211391546011e+09
1.556319267315618038e+09
1.556319323239690065e+09
1.556319379163762093e+09
1.556319435087833881e+09
1.556319491011905909e+09
1.556319546935977936e+09
1.556275870235745907e+09
1.556319600000000000e+09
